# Auto-generated by scripts/tune.py — promoted best params. Loaded by vigil.config.

# vision
VIGIL_DROP_FRAC=0.0752352806299047
VIGIL_FALL_CONFIRM_S=0.48286841379639867
VIGIL_LOW_CY=0.5520700239199425
VIGIL_TORSO_HORIZ_DEG=70.0
VIGIL_AR_WIDE=1.3549482485827455
VIGIL_STILL_MOTION=0.6029184360439213
VIGIL_FAINT_S=3.0
VIGIL_MOTIONLESS_S=4.272707583675362
VIGIL_UNRESPONSIVE_S=6.0
VIGIL_SEIZURE_MOTION=1.3
VIGIL_SEIZURE_OSC=10
VIGIL_SEIZURE_S=5.0
VIGIL_GESTURE_S=0.801661352820738
VIGIL_SLUMP_MIN_DEG=22.57785593985711
VIGIL_SLUMP_S=3.043372719107891

# fusion
VIGIL_FUSION_WINDOW_SECONDS=4.5
VIGIL_FUSION_COOLDOWN_SECONDS=7.0

# face
VIGIL_FACE_THRESHOLD=0.5

# audio
VIGIL_SCREAM_THRESHOLD=0.153
VIGIL_SEIZURE_TREMOR_S=5.0
